Australian,ZHANG,1,0,0,100,0.5,0.5,0.10,0.90,0.09,0.91,0.0,0.0,N1,1,0.10,0.006753
Australian,ZHANG,1,0,0,100,0.5,0.5,0.10,0.90,0.10,0.90,0.0,0.0,N1,2,0.10,0.001412
Australian,ZHANG,1,0,0,100,0.5,0.5,0.10,0.90,0.08,0.92,0.0,0.0,N1,3,0.10,0.019345
Australian,ZHANG,1,0,0,100,0.5,0.5,0.10,0.90,0.08,0.92,0.0,0.0,N1,4,0.10,0.017560
Australian,ZHANG,1,0,0,100,0.5,0.5,0.10,0.90,0.08,0.92,0.0,0.0,N1,5,0.10,0.023445
Australian,ZHANG,1,0,0,100,0.5,0.5,0.10,0.90,0.11,0.89,0.0,0.0,N1,6,0.10,0.011857
Australian,ZHANG,1,0,0,100,0.5,0.5,0.10,0.90,0.07,0.93,0.0,0.0,N1,7,0.10,0.031970
Australian,ZHANG,1,0,0,100,0.5,0.5,0.10,0.90,0.11,0.89,0.0,0.0,N1,8,0.10,0.009537
Australian,ZHANG,1,0,0,100,0.5,0.5,0.10,0.90,0.12,0.88,0.0,0.0,N1,9,0.10,0.016482
Australian,ZHANG,1,0,0,100,0.5,0.5,0.10,0.90,0.11,0.89,0.0,0.0,N1,10,0.10,0.006844
