Diabetes,ZHANG,1,0,0,100,0.5,0.5,0.10,0.90,0.05,0.95,0.0,0.0,N1,1,0.10,0.050369
Diabetes,ZHANG,1,0,0,100,0.5,0.5,0.10,0.90,0.03,0.97,0.0,0.0,N1,2,0.10,0.071896
Diabetes,ZHANG,1,0,0,100,0.5,0.5,0.10,0.90,0.31,0.69,0.0,0.0,N1,3,0.10,0.209655
Diabetes,ZHANG,1,0,0,100,0.5,0.5,0.10,0.90,0.21,0.79,0.0,0.0,N1,4,0.10,0.114507
Diabetes,ZHANG,1,0,0,100,0.5,0.5,0.10,0.90,0.17,0.83,0.0,0.0,N1,5,0.10,0.071381
Diabetes,ZHANG,1,0,0,100,0.5,0.5,0.10,0.90,0.11,0.89,0.0,0.0,N1,6,0.10,0.006090
Diabetes,ZHANG,1,0,0,100,0.5,0.5,0.10,0.90,0.34,0.66,0.0,0.0,N1,7,0.10,0.235500
Diabetes,ZHANG,1,0,0,100,0.5,0.5,0.10,0.90,0.11,0.89,0.0,0.0,N1,8,0.10,0.005416
Diabetes,ZHANG,1,0,0,100,0.5,0.5,0.10,0.90,0.09,0.91,0.0,0.0,N1,9,0.10,0.007607
Diabetes,ZHANG,1,0,0,100,0.5,0.5,0.10,0.90,0.08,0.92,0.0,0.0,N1,10,0.10,0.024525
